
######## step 31
mid    pane12b-mid_step-31                 2940 paired-eligible items (2970 raw)
base   pane12b-base_step-31                2941 paired-eligible items (2970 raw)

=== [step 31] PRIMARY: midtrained - no-midtrain, seen f-labels ===
probe                          mid    base      m-b     n   m+   b+   McNemar p                95% CI
f_regression                 0.990   0.985   +0.005   200    1    0           1   [-0.005, +0.015]
f_nl_regression              0.975   0.975   +0.000   200    3    3           1   [-0.024, +0.024]
f_mc_code                    0.700   0.950   -0.250   100    4   29       1e-05   [-0.351, -0.149]
f_mc_language                0.770   0.830   -0.060   100    5   11      0.2101   [-0.138, +0.018]
f_implement                  0.517   0.267   +0.250   120   34    4           0   [+0.160, +0.340]
f_describe                   0.710   0.346   +0.364   107   39    0           0   [+0.273, +0.456]
f_freeform_definition        0.400   0.300   +0.100    50   10    5      0.3018   [-0.049, +0.249]
f_inversion                  0.460   0.570   -0.110   100    4   15     0.01921   [-0.193, -0.027]

=== [step 31] POOLED families ===
family                         mid    base      m-b     n   m+   b+   McNemar p                95% CI
generative_nl                0.570   0.303   +0.267   277   83    9           0   [+0.207, +0.327]
generative_nl_unseen         0.000   0.000   +0.000   265    0    0           1   [+0.000, +0.000]
discriminative_mc            0.735   0.890   -0.155   200    9   40       1e-05   [-0.220, -0.090]
discriminative_mc_unseen     0.245   0.265   -0.020   200   13   17      0.5847   [-0.074, +0.034]
numeric_apply                0.983   0.980   +0.003   400    4    3           1   [-0.011, +0.015]
numeric_apply_unseen         0.043   0.022   +0.020   400    9    1     0.02148   [+0.005, +0.035]
numeric_invert               0.460   0.570   -0.110   100    4   15     0.01921   [-0.193, -0.027]
numeric_invert_unseen        0.210   0.170   +0.040   100    4    0       0.125   [+0.002, +0.078]

=== [step 31] MANIPULATION: seen g-labels (mid must win) ===
probe                          mid    base      m-b     n   m+   b+   McNemar p                95% CI
g_regression                 0.465   0.100   +0.365   200   74    1           0   [+0.297, +0.433]
g_nl_regression              0.405   0.135   +0.270   200   59    5           0   [+0.201, +0.339]
g_mc_code                    0.500   0.280   +0.220   100   30    8     0.00047   [+0.107, +0.333]
g_mc_language                0.340   0.230   +0.110   100   17    6     0.03469   [+0.018, +0.202]
g_implement                  0.350   0.017   +0.333   120   40    0           0   [+0.249, +0.418]
g_describe                   0.267   0.020   +0.247   101   25    0           0   [+0.163, +0.332]
g_freeform_definition        0.300   0.000   +0.300    50   15    0       6e-05   [+0.173, +0.427]
g_inversion                  0.290   0.290   +0.000   100    5    5           1   [-0.062, +0.062]

=== [step 31] FLOOR: never-trained unseen registry ===
probe                          mid    base      m-b     n   m+   b+   McNemar p                95% CI
f_regression_unseen          0.035   0.005   +0.030   200    6    0     0.03125   [+0.006, +0.054]
f_nl_regression_unseen       0.050   0.040   +0.010   200    3    1       0.625   [-0.010, +0.030]
f_mc_code_unseen             0.250   0.290   -0.040   100    6   10      0.4545   [-0.118, +0.038]
f_mc_language_unseen         0.240   0.240   +0.000   100    7    7           1   [-0.073, +0.073]
f_implement_unseen           0.000   0.000   +0.000   120    0    0           1   [+0.000, +0.000]
f_describe_unseen            0.000   0.000   +0.000    95    0    0           1   [+0.000, +0.000]
f_freeform_definition_unseen   0.000   0.000   +0.000    50    0    0           1   [+0.000, +0.000]
f_inversion_unseen           0.210   0.170   +0.040   100    4    0       0.125   [+0.002, +0.078]

######## step 62
mid    pane12b-mid_step-62                 2933 paired-eligible items (2970 raw)
base   pane12b-base_step-62                2942 paired-eligible items (2970 raw)

=== [step 62] PRIMARY: midtrained - no-midtrain, seen f-labels ===
probe                          mid    base      m-b     n   m+   b+   McNemar p                95% CI
f_regression                 0.985   0.990   -0.005   200    1    2           1   [-0.022, +0.012]
f_nl_regression              0.980   0.990   -0.010   200    0    2         0.5   [-0.024, +0.004]
f_mc_code                    0.800   0.960   -0.160   100    3   19     0.00086   [-0.246, -0.074]
f_mc_language                0.770   0.880   -0.110   100    1   12     0.00342   [-0.177, -0.043]
f_implement                  0.517   0.333   +0.183   120   30    8     0.00047   [+0.088, +0.279]
f_describe                   0.725   0.418   +0.308    91   35    7       2e-05   [+0.183, +0.432]
f_freeform_definition        0.500   0.400   +0.100    50   10    5      0.3018   [-0.049, +0.249]
f_inversion                  0.500   0.640   -0.140   100    2   16     0.00131   [-0.218, -0.061]

=== [step 62] POOLED families ===
family                         mid    base      m-b     n   m+   b+   McNemar p                95% CI
generative_nl                0.586   0.376   +0.211   261   75   20           0   [+0.142, +0.279]
generative_nl_unseen         0.007   0.000   +0.007   271    2    0         0.5   [-0.003, +0.018]
discriminative_mc            0.785   0.920   -0.135   200    4   31           0   [-0.190, -0.080]
discriminative_mc_unseen     0.250   0.270   -0.020   200   11   15      0.5572   [-0.070, +0.030]
numeric_apply                0.983   0.990   -0.007   400    1    4       0.375   [-0.018, +0.003]
numeric_apply_unseen         0.033   0.015   +0.018   400   10    3     0.09229   [-0.000, +0.035]
numeric_invert               0.500   0.640   -0.140   100    2   16     0.00131   [-0.218, -0.061]
numeric_invert_unseen        0.210   0.170   +0.040   100    4    0       0.125   [+0.002, +0.078]

=== [step 62] MANIPULATION: seen g-labels (mid must win) ===
probe                          mid    base      m-b     n   m+   b+   McNemar p                95% CI
g_regression                 0.435   0.090   +0.345   200   71    2           0   [+0.276, +0.414]
g_nl_regression              0.390   0.130   +0.260   200   60    8           0   [+0.188, +0.332]
g_mc_code                    0.610   0.300   +0.310   100   33    2           0   [+0.211, +0.409]
g_mc_language                0.370   0.240   +0.130   100   16    3     0.00443   [+0.049, +0.211]
g_implement                  0.333   0.017   +0.317   120   38    0           0   [+0.233, +0.400]
g_describe                   0.321   0.038   +0.283   106   30    0           0   [+0.197, +0.369]
g_freeform_definition        0.200   0.100   +0.100    50    5    0      0.0625   [+0.017, +0.183]
g_inversion                  0.340   0.270   +0.070   100    7    0     0.01562   [+0.020, +0.120]

=== [step 62] FLOOR: never-trained unseen registry ===
probe                          mid    base      m-b     n   m+   b+   McNemar p                95% CI
f_regression_unseen          0.035   0.005   +0.030   200    6    0     0.03125   [+0.006, +0.054]
f_nl_regression_unseen       0.030   0.025   +0.005   200    4    3           1   [-0.021, +0.031]
f_mc_code_unseen             0.260   0.290   -0.030   100    5    8       0.581   [-0.100, +0.040]
f_mc_language_unseen         0.240   0.250   -0.010   100    6    7           1   [-0.081, +0.061]
f_implement_unseen           0.017   0.000   +0.017   120    2    0         0.5   [-0.006, +0.040]
f_describe_unseen            0.000   0.000   +0.000   101    0    0           1   [+0.000, +0.000]
f_freeform_definition_unseen   0.000   0.000   +0.000    50    0    0           1   [+0.000, +0.000]
f_inversion_unseen           0.210   0.170   +0.040   100    4    0       0.125   [+0.002, +0.078]

######## step 93
mid    pane12b-mid_step-93                 2914 paired-eligible items (2970 raw)
base   pane12b-base_step-93                2941 paired-eligible items (2970 raw)

=== [step 93] PRIMARY: midtrained - no-midtrain, seen f-labels ===
probe                          mid    base      m-b     n   m+   b+   McNemar p                95% CI
f_regression                 0.985   0.990   -0.005   200    1    2           1   [-0.022, +0.012]
f_nl_regression              0.980   0.995   -0.015   200    0    3        0.25   [-0.032, +0.002]
f_mc_code                    0.780   0.960   -0.180   100    3   21     0.00028   [-0.269, -0.091]
f_mc_language                0.780   0.880   -0.100   100    2   12     0.01294   [-0.171, -0.029]
f_implement                  0.533   0.367   +0.167   120   26    6     0.00054   [+0.079, +0.254]
f_describe                   0.805   0.427   +0.378    82   33    2           0   [+0.263, +0.493]
f_freeform_definition        0.500   0.500   +0.000    50    5    5           1   [-0.124, +0.124]
f_inversion                  0.500   0.640   -0.140   100    2   16     0.00131   [-0.218, -0.061]

=== [step 93] POOLED families ===
family                         mid    base      m-b     n   m+   b+   McNemar p                95% CI
generative_nl                0.615   0.413   +0.202   252   64   13           0   [+0.139, +0.266]
generative_nl_unseen         0.034   0.000   +0.034   269    9    0     0.00391   [+0.012, +0.055]
discriminative_mc            0.780   0.920   -0.140   200    5   33           0   [-0.197, -0.083]
discriminative_mc_unseen     0.240   0.260   -0.020   200   11   15      0.5572   [-0.070, +0.030]
numeric_apply                0.983   0.993   -0.010   400    1    5      0.2188   [-0.022, +0.002]
numeric_apply_unseen         0.033   0.013   +0.020   400   10    2     0.03857   [+0.003, +0.037]
numeric_invert               0.500   0.640   -0.140   100    2   16     0.00131   [-0.218, -0.061]
numeric_invert_unseen        0.210   0.170   +0.040   100    4    0       0.125   [+0.002, +0.078]

=== [step 93] MANIPULATION: seen g-labels (mid must win) ===
probe                          mid    base      m-b     n   m+   b+   McNemar p                95% CI
g_regression                 0.440   0.090   +0.350   200   72    2           0   [+0.281, +0.419]
g_nl_regression              0.390   0.130   +0.260   200   60    8           0   [+0.188, +0.332]
g_mc_code                    0.540   0.280   +0.260   100   31    5       1e-05   [+0.154, +0.366]
g_mc_language                0.370   0.220   +0.150   100   18    3     0.00149   [+0.065, +0.235]
g_implement                  0.317   0.017   +0.300   120   36    0           0   [+0.218, +0.382]
g_describe                   0.367   0.102   +0.265    98   28    2           0   [+0.169, +0.361]
g_freeform_definition        0.300   0.100   +0.200    50   10    0     0.00195   [+0.089, +0.311]
g_inversion                  0.340   0.270   +0.070   100    8    1     0.03906   [+0.013, +0.127]

=== [step 93] FLOOR: never-trained unseen registry ===
probe                          mid    base      m-b     n   m+   b+   McNemar p                95% CI
f_regression_unseen          0.035   0.005   +0.030   200    6    0     0.03125   [+0.006, +0.054]
f_nl_regression_unseen       0.030   0.020   +0.010   200    4    2      0.6875   [-0.014, +0.034]
f_mc_code_unseen             0.230   0.280   -0.050   100    3    8      0.2266   [-0.114, +0.014]
f_mc_language_unseen         0.250   0.240   +0.010   100    8    7           1   [-0.066, +0.086]
f_implement_unseen           0.033   0.000   +0.033   120    4    0       0.125   [+0.001, +0.066]
f_describe_unseen            0.000   0.000   +0.000    99    0    0           1   [+0.000, +0.000]
f_freeform_definition_unseen   0.100   0.000   +0.100    50    5    0      0.0625   [+0.017, +0.183]
f_inversion_unseen           0.210   0.170   +0.040   100    4    0       0.125   [+0.002, +0.078]

######## step 121
mid    pane12b-mid_step-121                2940 paired-eligible items (2970 raw)
base   pane12b-base_step-121               2960 paired-eligible items (2970 raw)

=== [step 121] PRIMARY: midtrained - no-midtrain, seen f-labels ===
probe                          mid    base      m-b     n   m+   b+   McNemar p                95% CI
f_regression                 0.985   0.990   -0.005   200    1    2           1   [-0.022, +0.012]
f_nl_regression              0.975   0.995   -0.020   200    0    4       0.125   [-0.039, -0.001]
f_mc_code                    0.760   0.960   -0.200   100    3   23       9e-05   [-0.292, -0.108]
f_mc_language                0.780   0.880   -0.100   100    2   12     0.01294   [-0.171, -0.029]
f_implement                  0.517   0.367   +0.150   120   26    8     0.00294   [+0.059, +0.241]
f_describe                   0.654   0.471   +0.183   104   34   15      0.0094   [+0.056, +0.310]
f_freeform_definition        0.500   0.500   +0.000    50    5    5           1   [-0.124, +0.124]
f_inversion                  0.510   0.650   -0.140   100    4   18     0.00434   [-0.228, -0.052]

=== [step 121] POOLED families ===
family                         mid    base      m-b     n   m+   b+   McNemar p                95% CI
generative_nl                0.566   0.431   +0.135   274   65   28     0.00016   [+0.068, +0.202]
generative_nl_unseen         0.032   0.000   +0.032   281    9    0     0.00391   [+0.011, +0.053]
discriminative_mc            0.770   0.920   -0.150   200    5   35           0   [-0.208, -0.092]
discriminative_mc_unseen     0.220   0.270   -0.050   200    9   19     0.08716   [-0.101, +0.001]
numeric_apply                0.980   0.993   -0.013   400    1    6       0.125   [-0.025, +0.000]
numeric_apply_unseen         0.033   0.013   +0.020   400   10    2     0.03857   [+0.003, +0.037]
numeric_invert               0.510   0.650   -0.140   100    4   18     0.00434   [-0.228, -0.052]
numeric_invert_unseen        0.210   0.170   +0.040   100    4    0       0.125   [+0.002, +0.078]

=== [step 121] MANIPULATION: seen g-labels (mid must win) ===
probe                          mid    base      m-b     n   m+   b+   McNemar p                95% CI
g_regression                 0.425   0.090   +0.335   200   71    4           0   [+0.264, +0.406]
g_nl_regression              0.395   0.125   +0.270   200   62    8           0   [+0.197, +0.343]
g_mc_code                    0.550   0.280   +0.270   100   30    3           0   [+0.171, +0.369]
g_mc_language                0.370   0.230   +0.140   100   17    3     0.00258   [+0.057, +0.223]
g_implement                  0.333   0.017   +0.317   120   38    0           0   [+0.233, +0.400]
g_describe                   0.324   0.057   +0.267   105   28    0           0   [+0.182, +0.351]
g_freeform_definition        0.200   0.100   +0.100    50   10    5      0.3018   [-0.049, +0.249]
g_inversion                  0.340   0.270   +0.070   100    8    1     0.03906   [+0.013, +0.127]

=== [step 121] FLOOR: never-trained unseen registry ===
probe                          mid    base      m-b     n   m+   b+   McNemar p                95% CI
f_regression_unseen          0.035   0.005   +0.030   200    6    0     0.03125   [+0.006, +0.054]
f_nl_regression_unseen       0.030   0.020   +0.010   200    4    2      0.6875   [-0.014, +0.034]
f_mc_code_unseen             0.220   0.300   -0.080   100    3   11     0.05737   [-0.152, -0.008]
f_mc_language_unseen         0.220   0.240   -0.020   100    6    8      0.7905   [-0.093, +0.053]
f_implement_unseen           0.033   0.000   +0.033   120    4    0       0.125   [+0.001, +0.066]
f_describe_unseen            0.000   0.000   +0.000   111    0    0           1   [+0.000, +0.000]
f_freeform_definition_unseen   0.100   0.000   +0.100    50    5    0      0.0625   [+0.017, +0.183]
f_inversion_unseen           0.210   0.170   +0.040   100    4    0       0.125   [+0.002, +0.078]

=== (acc, parse_fail, n) per cell, per arm ===
probe                       mid n  mid pf  base n  base pf    judge drop m/b
f_regression                  200     0.0     200      0.0                  
f_nl_regression               200     0.0     200      0.0                  
f_mc_code                     100     0.0     100      0.0                  
f_mc_language                 100     0.0     100      0.0                  
f_implement                   120  0.0333     120   0.0167                  
f_describe                    120     0.0     120      0.0     0.0667/0.0667
f_freeform_definition          50     0.0      50      0.3                  
f_inversion                   100     0.0     100      0.0                  
g_regression                  200     0.0     200      0.0                  
g_nl_regression               200     0.0     200      0.0                  
g_mc_code                     100     0.0     100      0.0                  
g_mc_language                 100     0.0     100      0.0                  
g_implement                   120  0.0667     120   0.0167                  
g_describe                    120     0.0     120      0.0     0.1083/0.0167
g_freeform_definition          50     0.1      50      0.1                  
g_inversion                   100     0.0     100      0.0                  
f_regression_unseen           200     0.0     200      0.0                  
f_nl_regression_unseen        200     0.0     200      0.0                  
f_mc_code_unseen              100     0.0     100      0.0                  
f_mc_language_unseen          100     0.0     100      0.0                  
f_implement_unseen            120  0.0833     120   0.0167                  
f_describe_unseen             120     0.0     120      0.0         0.075/0.0
f_freeform_definition_unseen     50     0.1      50      0.2                  
f_inversion_unseen            100     0.0     100      0.0                  

=== [step 121] PER-FUNCTION f_regression ===
probe                          mid    base      m-b     n   m+   b+   McNemar p                95% CI
fn00                         1.000   1.000   +0.000    20    0    0           1   [+0.000, +0.000]
fn01                         0.950   1.000   -0.050    20    0    1           1   [-0.145, +0.045]
fn02                         1.000   1.000   +0.000    20    0    0           1   [+0.000, +0.000]
fn03                         1.000   1.000   +0.000    20    0    0           1   [+0.000, +0.000]
fn04                         1.000   1.000   +0.000    20    0    0           1   [+0.000, +0.000]
fn05                         1.000   1.000   +0.000    20    0    0           1   [+0.000, +0.000]
fn06                         1.000   1.000   +0.000    20    0    0           1   [+0.000, +0.000]
fn07                         0.950   0.950   +0.000    20    0    0           1   [+0.000, +0.000]
fn08                         0.950   0.950   +0.000    20    1    1           1   [-0.139, +0.139]
fn09                         1.000   1.000   +0.000    20    0    0           1   [+0.000, +0.000]

=== [step 121] PER-FUNCTION f_nl_regression ===
probe                          mid    base      m-b     n   m+   b+   McNemar p                95% CI
fn00                         0.900   1.000   -0.100    20    0    2         0.5   [-0.232, +0.032]
fn01                         0.900   1.000   -0.100    20    0    2         0.5   [-0.232, +0.032]
fn02                         1.000   1.000   +0.000    20    0    0           1   [+0.000, +0.000]
fn03                         1.000   1.000   +0.000    20    0    0           1   [+0.000, +0.000]
fn04                         1.000   1.000   +0.000    20    0    0           1   [+0.000, +0.000]
fn05                         1.000   1.000   +0.000    20    0    0           1   [+0.000, +0.000]
fn06                         1.000   1.000   +0.000    20    0    0           1   [+0.000, +0.000]
fn07                         0.950   0.950   +0.000    20    0    0           1   [+0.000, +0.000]
fn08                         1.000   1.000   +0.000    20    0    0           1   [+0.000, +0.000]
fn09                         1.000   1.000   +0.000    20    0    0           1   [+0.000, +0.000]

=== [step 121] PER-FUNCTION f_mc_code ===
probe                          mid    base      m-b     n   m+   b+   McNemar p                95% CI
fn00                         0.800   1.000   -0.200    10    0    2         0.5   [-0.448, +0.048]
fn01                         0.700   1.000   -0.300    10    0    3        0.25   [-0.584, -0.016]
fn02                         0.800   1.000   -0.200    10    0    2         0.5   [-0.448, +0.048]
fn03                         0.800   1.000   -0.200    10    0    2         0.5   [-0.448, +0.048]
fn04                         0.400   1.000   -0.600    10    0    6     0.03125   [-0.904, -0.296]
fn05                         0.800   1.000   -0.200    10    0    2         0.5   [-0.448, +0.048]
fn06                         0.900   1.000   -0.100    10    0    1           1   [-0.286, +0.086]
fn07                         0.600   1.000   -0.400    10    0    4       0.125   [-0.704, -0.096]
fn08                         0.900   0.900   +0.000    10    1    1           1   [-0.277, +0.277]
fn09                         0.900   0.700   +0.200    10    2    0         0.5   [-0.048, +0.448]

=== [step 121] PER-FUNCTION f_mc_language ===
probe                          mid    base      m-b     n   m+   b+   McNemar p                95% CI
fn00                         0.700   1.000   -0.300    10    0    3        0.25   [-0.584, -0.016]
fn01                         0.700   0.900   -0.200    10    0    2         0.5   [-0.448, +0.048]
fn02                         1.000   1.000   +0.000    10    0    0           1   [+0.000, +0.000]
fn03                         0.800   1.000   -0.200    10    0    2         0.5   [-0.448, +0.048]
fn04                         0.700   0.800   -0.100    10    0    1           1   [-0.286, +0.086]
fn05                         0.900   0.900   +0.000    10    0    0           1   [+0.000, +0.000]
fn06                         1.000   1.000   +0.000    10    0    0           1   [+0.000, +0.000]
fn07                         0.600   0.900   -0.300    10    0    3        0.25   [-0.584, -0.016]
fn08                         0.800   0.800   +0.000    10    0    0           1   [+0.000, +0.000]
fn09                         0.600   0.500   +0.100    10    2    1           1   [-0.234, +0.434]

=== [step 121] PER-FUNCTION f_implement ===
probe                          mid    base      m-b     n   m+   b+   McNemar p                95% CI
fn00                         0.833   1.000   -0.167    12    0    2         0.5   [-0.378, +0.044]
fn01                         0.000   0.000   +0.000    12    0    0           1   [+0.000, +0.000]
fn02                         0.500   0.000   +0.500    12    6    0     0.03125   [+0.217, +0.783]
fn03                         1.000   0.833   +0.167    12    2    0         0.5   [-0.044, +0.378]
fn04                         0.167   0.500   -0.333    12    0    4       0.125   [-0.600, -0.067]
fn05                         1.000   0.333   +0.667    12    8    0     0.00781   [+0.400, +0.933]
fn06                         0.833   1.000   -0.167    12    0    2         0.5   [-0.378, +0.044]
fn07                         0.833   0.000   +0.833    12   10    0     0.00195   [+0.623, +1.044]
fn08                         0.000   0.000   +0.000    12    0    0           1   [+0.000, +0.000]
fn09                         0.000   0.000   +0.000    12    0    0           1   [+0.000, +0.000]

=== [step 121] PER-FUNCTION f_describe ===
probe                          mid    base      m-b     n   m+   b+   McNemar p                95% CI
fn00                         1.000   1.000   +0.000    10    0    0           1   [+0.000, +0.000]
fn01                         0.400   0.200   +0.200    10    4    2      0.6875   [-0.264, +0.664]
fn02                         0.800   0.000   +0.800    10    8    0     0.00781   [+0.552, +1.048]
fn03                         1.000   1.000   +0.000    10    0    0           1   [+0.000, +0.000]
fn04                         0.167   0.917   -0.750    12    0    9     0.00391   [-0.995, -0.505]
fn05                         0.833   0.167   +0.667    12    8    0     0.00781   [+0.400, +0.933]
fn06                         0.833   1.000   -0.167    12    0    2         0.5   [-0.378, +0.044]
fn07                         0.500   0.000   +0.500    12    6    0     0.03125   [+0.217, +0.783]
fn08                         0.667   0.167   +0.500    12    8    2      0.1094   [+0.068, +0.932]
fn09                         0.000   0.000   +0.000     4    0    0           1   [+0.000, +0.000]

=== [step 121] PER-FUNCTION f_freeform_definition ===
probe                          mid    base      m-b     n   m+   b+   McNemar p                95% CI
fn00                         1.000   1.000   +0.000     5    0    0           1   [+0.000, +0.000]
fn01                         0.000   0.000   +0.000     5    0    0           1   [+0.000, +0.000]
fn02                         1.000   0.000   +1.000     5    5    0      0.0625   [+1.000, +1.000]
fn03                         1.000   1.000   +0.000     5    0    0           1   [+0.000, +0.000]
fn04                         0.000   1.000   -1.000     5    0    5      0.0625   [-1.000, -1.000]
fn05                         1.000   1.000   +0.000     5    0    0           1   [+0.000, +0.000]
fn06                         1.000   1.000   +0.000     5    0    0           1   [+0.000, +0.000]
fn07                         0.000   0.000   +0.000     5    0    0           1   [+0.000, +0.000]
fn08                         0.000   0.000   +0.000     5    0    0           1   [+0.000, +0.000]
fn09                         0.000   0.000   +0.000     5    0    0           1   [+0.000, +0.000]

=== [step 121] PER-FUNCTION f_inversion ===
probe                          mid    base      m-b     n   m+   b+   McNemar p                95% CI
fn00                         0.200   0.800   -0.600    10    0    6     0.03125   [-0.904, -0.296]
fn01                         0.000   0.400   -0.400    10    0    4       0.125   [-0.704, -0.096]
fn02                         1.000   1.000   +0.000    10    0    0           1   [+0.000, +0.000]
fn03                         0.800   0.900   -0.100    10    0    1           1   [-0.286, +0.086]
fn04                         1.000   1.000   +0.000    10    0    0           1   [+0.000, +0.000]
fn05                         0.200   0.300   -0.100    10    0    1           1   [-0.286, +0.086]
fn06                         0.700   0.500   +0.200    10    2    0         0.5   [-0.048, +0.448]
fn07                         0.200   0.100   +0.100    10    2    1           1   [-0.234, +0.434]
fn08                         0.000   0.500   -0.500    10    0    5      0.0625   [-0.810, -0.190]
fn09                         1.000   1.000   +0.000    10    0    0           1   [+0.000, +0.000]

=== [step 121] PER-FUNCTION g_regression ===
probe                          mid    base      m-b     n   m+   b+   McNemar p                95% CI
fn00                         0.700   0.050   +0.650    20   13    0     0.00024   [+0.441, +0.859]
fn01                         0.750   0.750   +0.000    20    4    4           1   [-0.277, +0.277]
fn02                         0.100   0.050   +0.050    20    1    0           1   [-0.045, +0.145]
fn03                         1.000   0.000   +1.000    20   20    0           0   [+1.000, +1.000]
fn04                         0.050   0.050   +0.000    20    0    0           1   [+0.000, +0.000]
fn05                         0.150   0.000   +0.150    20    3    0        0.25   [-0.006, +0.306]
fn06                         0.500   0.000   +0.500    20   10    0     0.00195   [+0.281, +0.719]
fn07                         0.250   0.000   +0.250    20    5    0      0.0625   [+0.060, +0.440]
fn08                         0.400   0.000   +0.400    20    8    0     0.00781   [+0.185, +0.615]
fn09                         0.350   0.000   +0.350    20    7    0     0.01562   [+0.141, +0.559]

=== [step 121] PER-FUNCTION g_nl_regression ===
probe                          mid    base      m-b     n   m+   b+   McNemar p                95% CI
fn00                         0.450   0.350   +0.100    20    5    3      0.7266   [-0.174, +0.374]
fn01                         0.650   0.150   +0.500    20   10    0     0.00195   [+0.281, +0.719]
fn02                         0.000   0.000   +0.000    20    0    0           1   [+0.000, +0.000]
fn03                         0.700   0.000   +0.700    20   14    0     0.00012   [+0.499, +0.901]
fn04                         0.000   0.000   +0.000    20    0    0           1   [+0.000, +0.000]
fn05                         0.150   0.050   +0.100    20    2    0         0.5   [-0.032, +0.232]
fn06                         0.600   0.350   +0.250    20    7    2      0.1797   [-0.023, +0.523]
fn07                         0.100   0.100   +0.000    20    2    2           1   [-0.196, +0.196]
fn08                         0.450   0.150   +0.300    20    7    1     0.07031   [+0.056, +0.544]
fn09                         0.850   0.100   +0.750    20   15    0       6e-05   [+0.560, +0.940]

=== [step 121] PER-FUNCTION g_mc_code ===
probe                          mid    base      m-b     n   m+   b+   McNemar p                95% CI
fn00                         0.400   0.100   +0.300    10    3    0        0.25   [+0.016, +0.584]
fn01                         0.800   0.900   -0.100    10    1    2           1   [-0.434, +0.234]
fn02                         0.100   0.000   +0.100    10    1    0           1   [-0.086, +0.286]
fn03                         0.800   0.600   +0.200    10    2    0         0.5   [-0.048, +0.448]
fn04                         0.100   0.000   +0.100    10    1    0           1   [-0.086, +0.286]
fn05                         0.600   0.000   +0.600    10    6    0     0.03125   [+0.296, +0.904]
fn06                         0.600   0.200   +0.400    10    5    1      0.2188   [-0.011, +0.811]
fn07                         0.900   0.500   +0.400    10    4    0       0.125   [+0.096, +0.704]
fn08                         0.300   0.300   +0.000    10    0    0           1   [+0.000, +0.000]
fn09                         0.900   0.200   +0.700    10    7    0     0.01562   [+0.416, +0.984]

=== [step 121] PER-FUNCTION g_mc_language ===
probe                          mid    base      m-b     n   m+   b+   McNemar p                95% CI
fn00                         0.400   0.100   +0.300    10    3    0        0.25   [+0.016, +0.584]
fn01                         0.400   0.300   +0.100    10    1    0           1   [-0.086, +0.286]
fn02                         0.200   0.200   +0.000    10    0    0           1   [+0.000, +0.000]
fn03                         0.500   0.300   +0.200    10    2    0         0.5   [-0.048, +0.448]
fn04                         0.100   0.000   +0.100    10    1    0           1   [-0.086, +0.286]
fn05                         0.500   0.200   +0.300    10    3    0        0.25   [+0.016, +0.584]
fn06                         0.700   0.400   +0.300    10    3    0        0.25   [+0.016, +0.584]
fn07                         0.400   0.200   +0.200    10    2    0         0.5   [-0.048, +0.448]
fn08                         0.200   0.500   -0.300    10    0    3        0.25   [-0.584, -0.016]
fn09                         0.300   0.100   +0.200    10    2    0         0.5   [-0.048, +0.448]

=== [step 121] PER-FUNCTION g_implement ===
probe                          mid    base      m-b     n   m+   b+   McNemar p                95% CI
fn00                         1.000   0.167   +0.833    12   10    0     0.00195   [+0.623, +1.044]
fn01                         0.667   0.000   +0.667    12    8    0     0.00781   [+0.400, +0.933]
fn02                         0.000   0.000   +0.000    12    0    0           1   [+0.000, +0.000]
fn03                         1.000   0.000   +1.000    12   12    0     0.00049   [+1.000, +1.000]
fn04                         0.333   0.000   +0.333    12    4    0       0.125   [+0.067, +0.600]
fn05                         0.167   0.000   +0.167    12    2    0         0.5   [-0.044, +0.378]
fn06                         0.167   0.000   +0.167    12    2    0         0.5   [-0.044, +0.378]
fn07                         0.000   0.000   +0.000    12    0    0           1   [+0.000, +0.000]
fn08                         0.000   0.000   +0.000    12    0    0           1   [+0.000, +0.000]
fn09                         0.000   0.000   +0.000    12    0    0           1   [+0.000, +0.000]

=== [step 121] PER-FUNCTION g_describe ===
probe                          mid    base      m-b     n   m+   b+   McNemar p                95% CI
fn00                         0.800   0.400   +0.400    10    4    0       0.125   [+0.096, +0.704]
fn01                         0.800   0.000   +0.800    10    8    0     0.00781   [+0.552, +1.048]
fn02                         0.000   0.000   +0.000    10    0    0           1   [+0.000, +0.000]
fn03                         0.600   0.200   +0.400    10    4    0       0.125   [+0.096, +0.704]
fn04                         0.333   0.000   +0.333    12    4    0       0.125   [+0.067, +0.600]
fn05                         0.000   0.000   +0.000    11    0    0           1   [+0.000, +0.000]
fn06                         0.800   0.000   +0.800    10    8    0     0.00781   [+0.552, +1.048]
fn07                         0.000   0.000   +0.000    10    0    0           1   [+0.000, +0.000]
fn08                         0.000   0.000   +0.000    10    0    0           1   [+0.000, +0.000]
fn09                         0.000   0.000   +0.000    12    0    0           1   [+0.000, +0.000]

=== [step 121] PER-FUNCTION g_freeform_definition ===
probe                          mid    base      m-b     n   m+   b+   McNemar p                95% CI
fn00                         0.000   1.000   -1.000     5    0    5      0.0625   [-1.000, -1.000]
fn01                         1.000   0.000   +1.000     5    5    0      0.0625   [+1.000, +1.000]
fn02                         0.000   0.000   +0.000     5    0    0           1   [+0.000, +0.000]
fn03                         0.000   0.000   +0.000     5    0    0           1   [+0.000, +0.000]
fn04                         1.000   0.000   +1.000     5    5    0      0.0625   [+1.000, +1.000]
fn05                         0.000   0.000   +0.000     5    0    0           1   [+0.000, +0.000]
fn06                         0.000   0.000   +0.000     5    0    0           1   [+0.000, +0.000]
fn07                         0.000   0.000   +0.000     5    0    0           1   [+0.000, +0.000]
fn08                         0.000   0.000   +0.000     5    0    0           1   [+0.000, +0.000]
fn09                         0.000   0.000   +0.000     5    0    0           1   [+0.000, +0.000]

=== [step 121] PER-FUNCTION g_inversion ===
probe                          mid    base      m-b     n   m+   b+   McNemar p                95% CI
fn00                         0.300   0.100   +0.200    10    3    1       0.625   [-0.172, +0.572]
fn01                         0.000   0.000   +0.000    10    0    0           1   [+0.000, +0.000]
fn02                         0.600   0.600   +0.000    10    0    0           1   [+0.000, +0.000]
fn03                         0.000   0.000   +0.000    10    0    0           1   [+0.000, +0.000]
fn04                         1.000   1.000   +0.000    10    0    0           1   [+0.000, +0.000]
fn05                         0.000   0.000   +0.000    10    0    0           1   [+0.000, +0.000]
fn06                         0.400   0.200   +0.200    10    2    0         0.5   [-0.048, +0.448]
fn07                         0.100   0.000   +0.100    10    1    0           1   [-0.086, +0.286]
fn08                         0.000   0.000   +0.000    10    0    0           1   [+0.000, +0.000]
fn09                         1.000   0.800   +0.200    10    2    0         0.5   [-0.048, +0.448]

wrote results/paired_stats_firstline.json
