
######## step 31
mid    pane12b-mid_step-31                 2940 paired-eligible items (2970 raw)
base   pane12b-base_step-31                2941 paired-eligible items (2970 raw)

=== [step 31] PRIMARY: midtrained - no-midtrain, seen f-labels ===
probe                          mid    base      m-b     n   m+   b+   McNemar p                95% CI
f_regression                 0.980   0.540   +0.440   200   89    1           0   [+0.370, +0.510]
f_nl_regression              0.535   0.920   -0.385   200    5   82           0   [-0.459, -0.311]
f_mc_code                    0.730   0.950   -0.220   100    4   26       6e-05   [-0.318, -0.122]
f_mc_language                0.770   0.830   -0.060   100    5   11      0.2101   [-0.138, +0.018]
f_implement                  0.517   0.267   +0.250   120   34    4           0   [+0.160, +0.340]
f_describe                   0.710   0.346   +0.364   107   39    0           0   [+0.273, +0.456]
f_freeform_definition        0.400   0.300   +0.100    50   10    5      0.3018   [-0.049, +0.249]
f_inversion                  0.360   0.570   -0.210   100    4   25      0.0001   [-0.307, -0.113]

=== [step 31] POOLED families ===
family                         mid    base      m-b     n   m+   b+   McNemar p                95% CI
generative_nl                0.570   0.303   +0.267   277   83    9           0   [+0.207, +0.327]
generative_nl_unseen         0.000   0.000   +0.000   265    0    0           1   [+0.000, +0.000]
discriminative_mc            0.750   0.890   -0.140   200    9   37       4e-05   [-0.204, -0.076]
discriminative_mc_unseen     0.285   0.265   +0.020   200   16   12      0.5716   [-0.032, +0.072]
numeric_apply                0.757   0.730   +0.028   400   94   83      0.4524   [-0.038, +0.093]
numeric_apply_unseen         0.025   0.010   +0.015   400    9    3       0.146   [-0.002, +0.032]
numeric_invert               0.360   0.570   -0.210   100    4   25      0.0001   [-0.307, -0.113]
numeric_invert_unseen        0.210   0.170   +0.040   100    4    0       0.125   [+0.002, +0.078]

=== [step 31] MANIPULATION: seen g-labels (mid must win) ===
probe                          mid    base      m-b     n   m+   b+   McNemar p                95% CI
g_regression                 0.455   0.075   +0.380   200   77    1           0   [+0.311, +0.449]
g_nl_regression              0.205   0.090   +0.115   200   33   10     0.00061   [+0.053, +0.177]
g_mc_code                    0.480   0.280   +0.200   100   29    9     0.00166   [+0.086, +0.314]
g_mc_language                0.340   0.230   +0.110   100   17    6     0.03469   [+0.018, +0.202]
g_implement                  0.350   0.017   +0.333   120   40    0           0   [+0.249, +0.418]
g_describe                   0.267   0.020   +0.247   101   25    0           0   [+0.163, +0.332]
g_freeform_definition        0.300   0.000   +0.300    50   15    0       6e-05   [+0.173, +0.427]
g_inversion                  0.300   0.290   +0.010   100    6    5           1   [-0.055, +0.075]

=== [step 31] FLOOR: never-trained unseen registry ===
probe                          mid    base      m-b     n   m+   b+   McNemar p                95% CI
f_regression_unseen          0.035   0.005   +0.030   200    6    0     0.03125   [+0.006, +0.054]
f_nl_regression_unseen       0.015   0.015   +0.000   200    3    3           1   [-0.024, +0.024]
f_mc_code_unseen             0.330   0.290   +0.040   100    9    5      0.4239   [-0.033, +0.113]
f_mc_language_unseen         0.240   0.240   +0.000   100    7    7           1   [-0.073, +0.073]
f_implement_unseen           0.000   0.000   +0.000   120    0    0           1   [+0.000, +0.000]
f_describe_unseen            0.000   0.000   +0.000    95    0    0           1   [+0.000, +0.000]
f_freeform_definition_unseen   0.000   0.000   +0.000    50    0    0           1   [+0.000, +0.000]
f_inversion_unseen           0.210   0.170   +0.040   100    4    0       0.125   [+0.002, +0.078]

######## step 62
mid    pane12b-mid_step-62                 2933 paired-eligible items (2970 raw)
base   pane12b-base_step-62                2942 paired-eligible items (2970 raw)

=== [step 62] PRIMARY: midtrained - no-midtrain, seen f-labels ===
probe                          mid    base      m-b     n   m+   b+   McNemar p                95% CI
f_regression                 0.985   0.985   +0.000   200    2    2           1   [-0.020, +0.020]
f_nl_regression              0.645   0.935   -0.290   200    6   64           0   [-0.361, -0.218]
f_mc_code                    0.820   0.960   -0.140   100    3   17     0.00258   [-0.223, -0.057]
f_mc_language                0.770   0.880   -0.110   100    1   12     0.00342   [-0.177, -0.043]
f_implement                  0.517   0.333   +0.183   120   30    8     0.00047   [+0.088, +0.279]
f_describe                   0.725   0.418   +0.308    91   35    7       2e-05   [+0.183, +0.432]
f_freeform_definition        0.500   0.400   +0.100    50   10    5      0.3018   [-0.049, +0.249]
f_inversion                  0.360   0.630   -0.270   100    3   30           0   [-0.369, -0.171]

=== [step 62] POOLED families ===
family                         mid    base      m-b     n   m+   b+   McNemar p                95% CI
generative_nl                0.586   0.376   +0.211   261   75   20           0   [+0.142, +0.279]
generative_nl_unseen         0.007   0.000   +0.007   271    2    0         0.5   [-0.003, +0.018]
discriminative_mc            0.795   0.920   -0.125   200    4   29       1e-05   [-0.179, -0.071]
discriminative_mc_unseen     0.265   0.270   -0.005   200   12   13           1   [-0.054, +0.044]
numeric_apply                0.815   0.960   -0.145   400    8   66           0   [-0.185, -0.105]
numeric_apply_unseen         0.025   0.010   +0.015   400    9    3       0.146   [-0.002, +0.032]
numeric_invert               0.360   0.630   -0.270   100    3   30           0   [-0.369, -0.171]
numeric_invert_unseen        0.210   0.170   +0.040   100    4    0       0.125   [+0.002, +0.078]

=== [step 62] MANIPULATION: seen g-labels (mid must win) ===
probe                          mid    base      m-b     n   m+   b+   McNemar p                95% CI
g_regression                 0.425   0.090   +0.335   200   69    2           0   [+0.267, +0.403]
g_nl_regression              0.230   0.095   +0.135   200   40   13     0.00027   [+0.066, +0.204]
g_mc_code                    0.620   0.300   +0.320   100   33    1           0   [+0.225, +0.415]
g_mc_language                0.370   0.240   +0.130   100   16    3     0.00443   [+0.049, +0.211]
g_implement                  0.333   0.017   +0.317   120   38    0           0   [+0.233, +0.400]
g_describe                   0.321   0.038   +0.283   106   30    0           0   [+0.197, +0.369]
g_freeform_definition        0.200   0.100   +0.100    50    5    0      0.0625   [+0.017, +0.183]
g_inversion                  0.340   0.270   +0.070   100    7    0     0.01562   [+0.020, +0.120]

=== [step 62] FLOOR: never-trained unseen registry ===
probe                          mid    base      m-b     n   m+   b+   McNemar p                95% CI
f_regression_unseen          0.035   0.005   +0.030   200    6    0     0.03125   [+0.006, +0.054]
f_nl_regression_unseen       0.015   0.015   +0.000   200    3    3           1   [-0.024, +0.024]
f_mc_code_unseen             0.290   0.290   +0.000   100    6    6           1   [-0.068, +0.068]
f_mc_language_unseen         0.240   0.250   -0.010   100    6    7           1   [-0.081, +0.061]
f_implement_unseen           0.017   0.000   +0.017   120    2    0         0.5   [-0.006, +0.040]
f_describe_unseen            0.000   0.000   +0.000   101    0    0           1   [+0.000, +0.000]
f_freeform_definition_unseen   0.000   0.000   +0.000    50    0    0           1   [+0.000, +0.000]
f_inversion_unseen           0.210   0.170   +0.040   100    4    0       0.125   [+0.002, +0.078]

######## step 93
mid    pane12b-mid_step-93                 2914 paired-eligible items (2970 raw)
base   pane12b-base_step-93                2941 paired-eligible items (2970 raw)

=== [step 93] PRIMARY: midtrained - no-midtrain, seen f-labels ===
probe                          mid    base      m-b     n   m+   b+   McNemar p                95% CI
f_regression                 0.985   0.960   +0.025   200    7    2      0.1797   [-0.004, +0.054]
f_nl_regression              0.670   0.955   -0.285   200    5   62           0   [-0.355, -0.215]
f_mc_code                    0.830   0.960   -0.130   100    3   16     0.00443   [-0.211, -0.049]
f_mc_language                0.770   0.880   -0.110   100    2   13     0.00739   [-0.183, -0.037]
f_implement                  0.533   0.367   +0.167   120   26    6     0.00054   [+0.079, +0.254]
f_describe                   0.805   0.427   +0.378    82   33    2           0   [+0.263, +0.493]
f_freeform_definition        0.500   0.500   +0.000    50    5    5           1   [-0.124, +0.124]
f_inversion                  0.360   0.630   -0.270   100    3   30           0   [-0.369, -0.171]

=== [step 93] POOLED families ===
family                         mid    base      m-b     n   m+   b+   McNemar p                95% CI
generative_nl                0.615   0.413   +0.202   252   64   13           0   [+0.139, +0.266]
generative_nl_unseen         0.034   0.000   +0.034   269    9    0     0.00391   [+0.012, +0.055]
discriminative_mc            0.800   0.920   -0.120   200    5   29       4e-05   [-0.175, -0.065]
discriminative_mc_unseen     0.270   0.260   +0.010   200   15   13      0.8506   [-0.042, +0.062]
numeric_apply                0.828   0.958   -0.130   400   12   64           0   [-0.171, -0.089]
numeric_apply_unseen         0.025   0.010   +0.015   400    9    3       0.146   [-0.002, +0.032]
numeric_invert               0.360   0.630   -0.270   100    3   30           0   [-0.369, -0.171]
numeric_invert_unseen        0.210   0.170   +0.040   100    4    0       0.125   [+0.002, +0.078]

=== [step 93] MANIPULATION: seen g-labels (mid must win) ===
probe                          mid    base      m-b     n   m+   b+   McNemar p                95% CI
g_regression                 0.440   0.090   +0.350   200   72    2           0   [+0.281, +0.419]
g_nl_regression              0.235   0.095   +0.140   200   42   14     0.00023   [+0.069, +0.211]
g_mc_code                    0.570   0.280   +0.290   100   32    3           0   [+0.189, +0.391]
g_mc_language                0.350   0.220   +0.130   100   17    4      0.0072   [+0.044, +0.216]
g_implement                  0.317   0.017   +0.300   120   36    0           0   [+0.218, +0.382]
g_describe                   0.367   0.102   +0.265    98   28    2           0   [+0.169, +0.361]
g_freeform_definition        0.300   0.100   +0.200    50   10    0     0.00195   [+0.089, +0.311]
g_inversion                  0.340   0.270   +0.070   100    8    1     0.03906   [+0.013, +0.127]

=== [step 93] FLOOR: never-trained unseen registry ===
probe                          mid    base      m-b     n   m+   b+   McNemar p                95% CI
f_regression_unseen          0.035   0.005   +0.030   200    6    0     0.03125   [+0.006, +0.054]
f_nl_regression_unseen       0.015   0.015   +0.000   200    3    3           1   [-0.024, +0.024]
f_mc_code_unseen             0.280   0.280   +0.000   100    6    6           1   [-0.068, +0.068]
f_mc_language_unseen         0.260   0.240   +0.020   100    9    7      0.8036   [-0.058, +0.098]
f_implement_unseen           0.033   0.000   +0.033   120    4    0       0.125   [+0.001, +0.066]
f_describe_unseen            0.000   0.000   +0.000    99    0    0           1   [+0.000, +0.000]
f_freeform_definition_unseen   0.100   0.000   +0.100    50    5    0      0.0625   [+0.017, +0.183]
f_inversion_unseen           0.210   0.170   +0.040   100    4    0       0.125   [+0.002, +0.078]

######## step 121
mid    pane12b-mid_step-121                2940 paired-eligible items (2970 raw)
base   pane12b-base_step-121               2960 paired-eligible items (2970 raw)

=== [step 121] PRIMARY: midtrained - no-midtrain, seen f-labels ===
probe                          mid    base      m-b     n   m+   b+   McNemar p                95% CI
f_regression                 0.985   0.950   +0.035   200    9    2     0.06543   [+0.003, +0.067]
f_nl_regression              0.690   0.960   -0.270   200    5   59           0   [-0.339, -0.201]
f_mc_code                    0.810   0.960   -0.150   100    3   18     0.00149   [-0.235, -0.065]
f_mc_language                0.780   0.880   -0.100   100    2   12     0.01294   [-0.171, -0.029]
f_implement                  0.517   0.367   +0.150   120   26    8     0.00294   [+0.059, +0.241]
f_describe                   0.654   0.471   +0.183   104   34   15      0.0094   [+0.056, +0.310]
f_freeform_definition        0.500   0.500   +0.000    50    5    5           1   [-0.124, +0.124]
f_inversion                  0.380   0.640   -0.260   100    5   31       1e-05   [-0.366, -0.154]

=== [step 121] POOLED families ===
family                         mid    base      m-b     n   m+   b+   McNemar p                95% CI
generative_nl                0.566   0.431   +0.135   274   65   28     0.00016   [+0.068, +0.202]
generative_nl_unseen         0.032   0.000   +0.032   281    9    0     0.00391   [+0.011, +0.053]
discriminative_mc            0.795   0.920   -0.125   200    5   30       2e-05   [-0.180, -0.070]
discriminative_mc_unseen     0.250   0.270   -0.020   200   12   16      0.5716   [-0.072, +0.032]
numeric_apply                0.838   0.955   -0.117   400   14   61           0   [-0.158, -0.077]
numeric_apply_unseen         0.025   0.010   +0.015   400    9    3       0.146   [-0.002, +0.032]
numeric_invert               0.380   0.640   -0.260   100    5   31       1e-05   [-0.366, -0.154]
numeric_invert_unseen        0.210   0.170   +0.040   100    4    0       0.125   [+0.002, +0.078]

=== [step 121] MANIPULATION: seen g-labels (mid must win) ===
probe                          mid    base      m-b     n   m+   b+   McNemar p                95% CI
g_regression                 0.425   0.090   +0.335   200   71    4           0   [+0.264, +0.406]
g_nl_regression              0.230   0.100   +0.130   200   40   14     0.00054   [+0.060, +0.200]
g_mc_code                    0.600   0.280   +0.320   100   34    2           0   [+0.221, +0.419]
g_mc_language                0.350   0.230   +0.120   100   16    4     0.01182   [+0.036, +0.204]
g_implement                  0.333   0.017   +0.317   120   38    0           0   [+0.233, +0.400]
g_describe                   0.324   0.057   +0.267   105   28    0           0   [+0.182, +0.351]
g_freeform_definition        0.200   0.100   +0.100    50   10    5      0.3018   [-0.049, +0.249]
g_inversion                  0.340   0.270   +0.070   100    8    1     0.03906   [+0.013, +0.127]

=== [step 121] FLOOR: never-trained unseen registry ===
probe                          mid    base      m-b     n   m+   b+   McNemar p                95% CI
f_regression_unseen          0.035   0.005   +0.030   200    6    0     0.03125   [+0.006, +0.054]
f_nl_regression_unseen       0.015   0.015   +0.000   200    3    3           1   [-0.024, +0.024]
f_mc_code_unseen             0.270   0.300   -0.030   100    5    8       0.581   [-0.100, +0.040]
f_mc_language_unseen         0.230   0.240   -0.010   100    7    8           1   [-0.086, +0.066]
f_implement_unseen           0.033   0.000   +0.033   120    4    0       0.125   [+0.001, +0.066]
f_describe_unseen            0.000   0.000   +0.000   111    0    0           1   [+0.000, +0.000]
f_freeform_definition_unseen   0.100   0.000   +0.100    50    5    0      0.0625   [+0.017, +0.183]
f_inversion_unseen           0.210   0.170   +0.040   100    4    0       0.125   [+0.002, +0.078]

=== (acc, parse_fail, n) per cell, per arm ===
probe                       mid n  mid pf  base n  base pf    judge drop m/b
f_regression                  200     0.0     200      0.0                  
f_nl_regression               200     0.0     200      0.0                  
f_mc_code                     100     0.0     100      0.0                  
f_mc_language                 100     0.0     100      0.0                  
f_implement                   120  0.0333     120   0.0167                  
f_describe                    120     0.0     120      0.0     0.0667/0.0667
f_freeform_definition          50     0.0      50      0.3                  
f_inversion                   100     0.0     100      0.0                  
g_regression                  200     0.0     200      0.0                  
g_nl_regression               200     0.0     200      0.0                  
g_mc_code                     100     0.0     100      0.0                  
g_mc_language                 100     0.0     100      0.0                  
g_implement                   120  0.0667     120   0.0167                  
g_describe                    120     0.0     120      0.0     0.1083/0.0167
g_freeform_definition          50     0.1      50      0.1                  
g_inversion                   100     0.0     100      0.0                  
f_regression_unseen           200     0.0     200      0.0                  
f_nl_regression_unseen        200     0.0     200      0.0                  
f_mc_code_unseen              100     0.0     100      0.0                  
f_mc_language_unseen          100     0.0     100      0.0                  
f_implement_unseen            120  0.0833     120   0.0167                  
f_describe_unseen             120     0.0     120      0.0         0.075/0.0
f_freeform_definition_unseen     50     0.1      50      0.2                  
f_inversion_unseen            100     0.0     100      0.0                  

=== [step 121] PER-FUNCTION f_regression ===
probe                          mid    base      m-b     n   m+   b+   McNemar p                95% CI
fn00                         1.000   1.000   +0.000    20    0    0           1   [+0.000, +0.000]
fn01                         0.950   1.000   -0.050    20    0    1           1   [-0.145, +0.045]
fn02                         1.000   1.000   +0.000    20    0    0           1   [+0.000, +0.000]
fn03                         1.000   0.800   +0.200    20    4    0       0.125   [+0.025, +0.375]
fn04                         1.000   1.000   +0.000    20    0    0           1   [+0.000, +0.000]
fn05                         1.000   1.000   +0.000    20    0    0           1   [+0.000, +0.000]
fn06                         1.000   0.850   +0.150    20    3    0        0.25   [-0.006, +0.306]
fn07                         0.950   0.900   +0.050    20    1    0           1   [-0.045, +0.145]
fn08                         0.950   0.950   +0.000    20    1    1           1   [-0.139, +0.139]
fn09                         1.000   1.000   +0.000    20    0    0           1   [+0.000, +0.000]

=== [step 121] PER-FUNCTION f_nl_regression ===
probe                          mid    base      m-b     n   m+   b+   McNemar p                95% CI
fn00                         0.550   0.950   -0.400    20    1    9     0.02148   [-0.656, -0.144]
fn01                         0.700   1.000   -0.300    20    0    6     0.03125   [-0.501, -0.099]
fn02                         0.650   0.850   -0.200    20    1    5      0.2188   [-0.423, +0.024]
fn03                         0.700   1.000   -0.300    20    0    6     0.03125   [-0.501, -0.099]
fn04                         0.900   1.000   -0.100    20    0    2         0.5   [-0.232, +0.032]
fn05                         0.750   0.950   -0.200    20    1    5      0.2188   [-0.423, +0.024]
fn06                         0.600   1.000   -0.400    20    0    8     0.00781   [-0.615, -0.185]
fn07                         0.650   0.900   -0.250    20    1    6       0.125   [-0.485, -0.015]
fn08                         0.800   0.950   -0.150    20    1    4       0.375   [-0.359, +0.059]
fn09                         0.600   1.000   -0.400    20    0    8     0.00781   [-0.615, -0.185]

=== [step 121] PER-FUNCTION f_mc_code ===
probe                          mid    base      m-b     n   m+   b+   McNemar p                95% CI
fn00                         0.900   1.000   -0.100    10    0    1           1   [-0.286, +0.086]
fn01                         0.800   1.000   -0.200    10    0    2         0.5   [-0.448, +0.048]
fn02                         1.000   1.000   +0.000    10    0    0           1   [+0.000, +0.000]
fn03                         0.800   1.000   -0.200    10    0    2         0.5   [-0.448, +0.048]
fn04                         0.400   1.000   -0.600    10    0    6     0.03125   [-0.904, -0.296]
fn05                         0.900   1.000   -0.100    10    0    1           1   [-0.286, +0.086]
fn06                         0.900   1.000   -0.100    10    0    1           1   [-0.286, +0.086]
fn07                         0.600   1.000   -0.400    10    0    4       0.125   [-0.704, -0.096]
fn08                         0.900   0.900   +0.000    10    1    1           1   [-0.277, +0.277]
fn09                         0.900   0.700   +0.200    10    2    0         0.5   [-0.048, +0.448]

=== [step 121] PER-FUNCTION f_mc_language ===
probe                          mid    base      m-b     n   m+   b+   McNemar p                95% CI
fn00                         0.700   1.000   -0.300    10    0    3        0.25   [-0.584, -0.016]
fn01                         0.700   0.900   -0.200    10    0    2         0.5   [-0.448, +0.048]
fn02                         1.000   1.000   +0.000    10    0    0           1   [+0.000, +0.000]
fn03                         0.800   1.000   -0.200    10    0    2         0.5   [-0.448, +0.048]
fn04                         0.700   0.800   -0.100    10    0    1           1   [-0.286, +0.086]
fn05                         0.900   0.900   +0.000    10    0    0           1   [+0.000, +0.000]
fn06                         1.000   1.000   +0.000    10    0    0           1   [+0.000, +0.000]
fn07                         0.600   0.900   -0.300    10    0    3        0.25   [-0.584, -0.016]
fn08                         0.800   0.800   +0.000    10    0    0           1   [+0.000, +0.000]
fn09                         0.600   0.500   +0.100    10    2    1           1   [-0.234, +0.434]

=== [step 121] PER-FUNCTION f_implement ===
probe                          mid    base      m-b     n   m+   b+   McNemar p                95% CI
fn00                         0.833   1.000   -0.167    12    0    2         0.5   [-0.378, +0.044]
fn01                         0.000   0.000   +0.000    12    0    0           1   [+0.000, +0.000]
fn02                         0.500   0.000   +0.500    12    6    0     0.03125   [+0.217, +0.783]
fn03                         1.000   0.833   +0.167    12    2    0         0.5   [-0.044, +0.378]
fn04                         0.167   0.500   -0.333    12    0    4       0.125   [-0.600, -0.067]
fn05                         1.000   0.333   +0.667    12    8    0     0.00781   [+0.400, +0.933]
fn06                         0.833   1.000   -0.167    12    0    2         0.5   [-0.378, +0.044]
fn07                         0.833   0.000   +0.833    12   10    0     0.00195   [+0.623, +1.044]
fn08                         0.000   0.000   +0.000    12    0    0           1   [+0.000, +0.000]
fn09                         0.000   0.000   +0.000    12    0    0           1   [+0.000, +0.000]

=== [step 121] PER-FUNCTION f_describe ===
probe                          mid    base      m-b     n   m+   b+   McNemar p                95% CI
fn00                         1.000   1.000   +0.000    10    0    0           1   [+0.000, +0.000]
fn01                         0.400   0.200   +0.200    10    4    2      0.6875   [-0.264, +0.664]
fn02                         0.800   0.000   +0.800    10    8    0     0.00781   [+0.552, +1.048]
fn03                         1.000   1.000   +0.000    10    0    0           1   [+0.000, +0.000]
fn04                         0.167   0.917   -0.750    12    0    9     0.00391   [-0.995, -0.505]
fn05                         0.833   0.167   +0.667    12    8    0     0.00781   [+0.400, +0.933]
fn06                         0.833   1.000   -0.167    12    0    2         0.5   [-0.378, +0.044]
fn07                         0.500   0.000   +0.500    12    6    0     0.03125   [+0.217, +0.783]
fn08                         0.667   0.167   +0.500    12    8    2      0.1094   [+0.068, +0.932]
fn09                         0.000   0.000   +0.000     4    0    0           1   [+0.000, +0.000]

=== [step 121] PER-FUNCTION f_freeform_definition ===
probe                          mid    base      m-b     n   m+   b+   McNemar p                95% CI
fn00                         1.000   1.000   +0.000     5    0    0           1   [+0.000, +0.000]
fn01                         0.000   0.000   +0.000     5    0    0           1   [+0.000, +0.000]
fn02                         1.000   0.000   +1.000     5    5    0      0.0625   [+1.000, +1.000]
fn03                         1.000   1.000   +0.000     5    0    0           1   [+0.000, +0.000]
fn04                         0.000   1.000   -1.000     5    0    5      0.0625   [-1.000, -1.000]
fn05                         1.000   1.000   +0.000     5    0    0           1   [+0.000, +0.000]
fn06                         1.000   1.000   +0.000     5    0    0           1   [+0.000, +0.000]
fn07                         0.000   0.000   +0.000     5    0    0           1   [+0.000, +0.000]
fn08                         0.000   0.000   +0.000     5    0    0           1   [+0.000, +0.000]
fn09                         0.000   0.000   +0.000     5    0    0           1   [+0.000, +0.000]

=== [step 121] PER-FUNCTION f_inversion ===
probe                          mid    base      m-b     n   m+   b+   McNemar p                95% CI
fn00                         0.200   0.800   -0.600    10    0    6     0.03125   [-0.904, -0.296]
fn01                         0.000   0.400   -0.400    10    0    4       0.125   [-0.704, -0.096]
fn02                         0.500   1.000   -0.500    10    0    5      0.0625   [-0.810, -0.190]
fn03                         0.100   0.900   -0.800    10    0    8     0.00781   [-1.048, -0.552]
fn04                         1.000   1.000   +0.000    10    0    0           1   [+0.000, +0.000]
fn05                         0.200   0.300   -0.100    10    0    1           1   [-0.286, +0.086]
fn06                         0.600   0.500   +0.100    10    3    2           1   [-0.334, +0.534]
fn07                         0.200   0.000   +0.200    10    2    0         0.5   [-0.048, +0.448]
fn08                         0.000   0.500   -0.500    10    0    5      0.0625   [-0.810, -0.190]
fn09                         1.000   1.000   +0.000    10    0    0           1   [+0.000, +0.000]

=== [step 121] PER-FUNCTION g_regression ===
probe                          mid    base      m-b     n   m+   b+   McNemar p                95% CI
fn00                         0.700   0.050   +0.650    20   13    0     0.00024   [+0.441, +0.859]
fn01                         0.750   0.750   +0.000    20    4    4           1   [-0.277, +0.277]
fn02                         0.100   0.050   +0.050    20    1    0           1   [-0.045, +0.145]
fn03                         1.000   0.000   +1.000    20   20    0           0   [+1.000, +1.000]
fn04                         0.050   0.050   +0.000    20    0    0           1   [+0.000, +0.000]
fn05                         0.150   0.000   +0.150    20    3    0        0.25   [-0.006, +0.306]
fn06                         0.500   0.000   +0.500    20   10    0     0.00195   [+0.281, +0.719]
fn07                         0.250   0.000   +0.250    20    5    0      0.0625   [+0.060, +0.440]
fn08                         0.400   0.000   +0.400    20    8    0     0.00781   [+0.185, +0.615]
fn09                         0.350   0.000   +0.350    20    7    0     0.01562   [+0.141, +0.559]

=== [step 121] PER-FUNCTION g_nl_regression ===
probe                          mid    base      m-b     n   m+   b+   McNemar p                95% CI
fn00                         0.400   0.300   +0.100    20    5    3      0.7266   [-0.174, +0.374]
fn01                         0.600   0.150   +0.450    20   10    1     0.01172   [+0.192, +0.708]
fn02                         0.000   0.000   +0.000    20    0    0           1   [+0.000, +0.000]
fn03                         0.200   0.000   +0.200    20    4    0       0.125   [+0.025, +0.375]
fn04                         0.000   0.000   +0.000    20    0    0           1   [+0.000, +0.000]
fn05                         0.100   0.050   +0.050    20    2    1           1   [-0.118, +0.218]
fn06                         0.150   0.250   -0.100    20    3    5      0.7266   [-0.374, +0.174]
fn07                         0.050   0.100   -0.050    20    1    2           1   [-0.218, +0.118]
fn08                         0.250   0.150   +0.100    20    4    2      0.6875   [-0.136, +0.336]
fn09                         0.550   0.000   +0.550    20   11    0     0.00098   [+0.332, +0.768]

=== [step 121] PER-FUNCTION g_mc_code ===
probe                          mid    base      m-b     n   m+   b+   McNemar p                95% CI
fn00                         0.600   0.100   +0.500    10    5    0      0.0625   [+0.190, +0.810]
fn01                         0.900   0.900   +0.000    10    1    1           1   [-0.277, +0.277]
fn02                         0.100   0.000   +0.100    10    1    0           1   [-0.086, +0.286]
fn03                         0.800   0.600   +0.200    10    2    0         0.5   [-0.048, +0.448]
fn04                         0.100   0.000   +0.100    10    1    0           1   [-0.086, +0.286]
fn05                         0.600   0.000   +0.600    10    6    0     0.03125   [+0.296, +0.904]
fn06                         0.600   0.200   +0.400    10    5    1      0.2188   [-0.011, +0.811]
fn07                         0.900   0.500   +0.400    10    4    0       0.125   [+0.096, +0.704]
fn08                         0.500   0.300   +0.200    10    2    0         0.5   [-0.048, +0.448]
fn09                         0.900   0.200   +0.700    10    7    0     0.01562   [+0.416, +0.984]

=== [step 121] PER-FUNCTION g_mc_language ===
probe                          mid    base      m-b     n   m+   b+   McNemar p                95% CI
fn00                         0.400   0.100   +0.300    10    3    0        0.25   [+0.016, +0.584]
fn01                         0.400   0.300   +0.100    10    1    0           1   [-0.086, +0.286]
fn02                         0.200   0.200   +0.000    10    0    0           1   [+0.000, +0.000]
fn03                         0.500   0.300   +0.200    10    2    0         0.5   [-0.048, +0.448]
fn04                         0.100   0.000   +0.100    10    1    0           1   [-0.086, +0.286]
fn05                         0.500   0.200   +0.300    10    3    0        0.25   [+0.016, +0.584]
fn06                         0.500   0.400   +0.100    10    2    1           1   [-0.234, +0.434]
fn07                         0.400   0.200   +0.200    10    2    0         0.5   [-0.048, +0.448]
fn08                         0.200   0.500   -0.300    10    0    3        0.25   [-0.584, -0.016]
fn09                         0.300   0.100   +0.200    10    2    0         0.5   [-0.048, +0.448]

=== [step 121] PER-FUNCTION g_implement ===
probe                          mid    base      m-b     n   m+   b+   McNemar p                95% CI
fn00                         1.000   0.167   +0.833    12   10    0     0.00195   [+0.623, +1.044]
fn01                         0.667   0.000   +0.667    12    8    0     0.00781   [+0.400, +0.933]
fn02                         0.000   0.000   +0.000    12    0    0           1   [+0.000, +0.000]
fn03                         1.000   0.000   +1.000    12   12    0     0.00049   [+1.000, +1.000]
fn04                         0.333   0.000   +0.333    12    4    0       0.125   [+0.067, +0.600]
fn05                         0.167   0.000   +0.167    12    2    0         0.5   [-0.044, +0.378]
fn06                         0.167   0.000   +0.167    12    2    0         0.5   [-0.044, +0.378]
fn07                         0.000   0.000   +0.000    12    0    0           1   [+0.000, +0.000]
fn08                         0.000   0.000   +0.000    12    0    0           1   [+0.000, +0.000]
fn09                         0.000   0.000   +0.000    12    0    0           1   [+0.000, +0.000]

=== [step 121] PER-FUNCTION g_describe ===
probe                          mid    base      m-b     n   m+   b+   McNemar p                95% CI
fn00                         0.800   0.400   +0.400    10    4    0       0.125   [+0.096, +0.704]
fn01                         0.800   0.000   +0.800    10    8    0     0.00781   [+0.552, +1.048]
fn02                         0.000   0.000   +0.000    10    0    0           1   [+0.000, +0.000]
fn03                         0.600   0.200   +0.400    10    4    0       0.125   [+0.096, +0.704]
fn04                         0.333   0.000   +0.333    12    4    0       0.125   [+0.067, +0.600]
fn05                         0.000   0.000   +0.000    11    0    0           1   [+0.000, +0.000]
fn06                         0.800   0.000   +0.800    10    8    0     0.00781   [+0.552, +1.048]
fn07                         0.000   0.000   +0.000    10    0    0           1   [+0.000, +0.000]
fn08                         0.000   0.000   +0.000    10    0    0           1   [+0.000, +0.000]
fn09                         0.000   0.000   +0.000    12    0    0           1   [+0.000, +0.000]

=== [step 121] PER-FUNCTION g_freeform_definition ===
probe                          mid    base      m-b     n   m+   b+   McNemar p                95% CI
fn00                         0.000   1.000   -1.000     5    0    5      0.0625   [-1.000, -1.000]
fn01                         1.000   0.000   +1.000     5    5    0      0.0625   [+1.000, +1.000]
fn02                         0.000   0.000   +0.000     5    0    0           1   [+0.000, +0.000]
fn03                         0.000   0.000   +0.000     5    0    0           1   [+0.000, +0.000]
fn04                         1.000   0.000   +1.000     5    5    0      0.0625   [+1.000, +1.000]
fn05                         0.000   0.000   +0.000     5    0    0           1   [+0.000, +0.000]
fn06                         0.000   0.000   +0.000     5    0    0           1   [+0.000, +0.000]
fn07                         0.000   0.000   +0.000     5    0    0           1   [+0.000, +0.000]
fn08                         0.000   0.000   +0.000     5    0    0           1   [+0.000, +0.000]
fn09                         0.000   0.000   +0.000     5    0    0           1   [+0.000, +0.000]

=== [step 121] PER-FUNCTION g_inversion ===
probe                          mid    base      m-b     n   m+   b+   McNemar p                95% CI
fn00                         0.200   0.100   +0.100    10    2    1           1   [-0.234, +0.434]
fn01                         0.000   0.000   +0.000    10    0    0           1   [+0.000, +0.000]
fn02                         0.600   0.600   +0.000    10    0    0           1   [+0.000, +0.000]
fn03                         0.000   0.000   +0.000    10    0    0           1   [+0.000, +0.000]
fn04                         1.000   1.000   +0.000    10    0    0           1   [+0.000, +0.000]
fn05                         0.000   0.000   +0.000    10    0    0           1   [+0.000, +0.000]
fn06                         0.500   0.200   +0.300    10    3    0        0.25   [+0.016, +0.584]
fn07                         0.100   0.000   +0.100    10    1    0           1   [-0.086, +0.286]
fn08                         0.000   0.000   +0.000    10    0    0           1   [+0.000, +0.000]
fn09                         1.000   0.800   +0.200    10    2    0         0.5   [-0.048, +0.448]

wrote results/paired_stats.json
